# oST version 5.0 parameters


[image]

width
640

height
480

[Logitech-C270]

camera matrix
816.657656 0.000000 353.558878
0.000000 819.340810 261.928779
0.000000 0.000000 1.000000

distortion
-0.061961 0.265669 0.006586 -0.000026 0.000000

rectification
1.000000 0.000000 0.000000
0.000000 1.000000 0.000000
0.000000 0.000000 1.000000

projection
818.118469 0.000000 352.440650 0.000000
0.000000 819.228149 263.401409 0.000000
0.000000 0.000000 1.000000 0.000000
