# oST version 5.0 parameters


[image]

width
640

height
480

[C920]

camera matrix
629.079984 0.000000 319.486273
0.000000 627.818503 257.270046
0.000000 0.000000 1.000000

distortion
0.142842 -0.254103 0.008876 -0.003220 0.000000

rectification
1.000000 0.000000 0.000000
0.000000 1.000000 0.000000
0.000000 0.000000 1.000000

projection
643.499939 0.000000 317.264226 0.000000
0.000000 640.111694 260.027940 0.000000
0.000000 0.000000 1.000000 0.000000
